   sumto=:=+/~
   mulall=:*/~
   inputs=:2 3 5 8 13 17 19 38 18 84
   sumto inputs
0 0 0 0 0 0 0 0 0 0
0 0 0 0 0 0 0 0 0 0
0 0 0 0 0 0 0 0 0 0
0 0 0 0 0 0 0 0 0 0
0 0 0 0 0 0 0 0 0 0
0 0 0 0 0 0 0 0 0 0
0 0 0 0 0 0 0 0 0 0
0 0 0 0 0 0 0 0 0 0
0 0 0 0 0 0 0 0 0 0
0 0 0 0 0 0 0 0 0 0
   13 sumto inputs
0 0 0 0 0 0 0 0 0 0
0 0 0 0 0 0 0 0 0 0
0 0 0 1 0 0 0 0 0 0
0 0 1 0 0 0 0 0 0 0
0 0 0 0 0 0 0 0 0 0
0 0 0 0 0 0 0 0 0 0
0 0 0 0 0 0 0 0 0 0
0 0 0 0 0 0 0 0 0 0
0 0 0 0 0 0 0 0 0 0
0 0 0 0 0 0 0 0 0 0
   13&sumto inputs
0 0 0 0 0 0 0 0 0 0
0 0 0 0 0 0 0 0 0 0
0 0 0 1 0 0 0 0 0 0
0 0 1 0 0 0 0 0 0 0
0 0 0 0 0 0 0 0 0 0
0 0 0 0 0 0 0 0 0 0
0 0 0 0 0 0 0 0 0 0
0 0 0 0 0 0 0 0 0 0
0 0 0 0 0 0 0 0 0 0
0 0 0 0 0 0 0 0 0 0
   (mulall * 13&sumto) inputs
0 0  0  0 0 0 0 0 0 0
0 0  0  0 0 0 0 0 0 0
0 0  0 40 0 0 0 0 0 0
0 0 40  0 0 0 0 0 0 0
0 0  0  0 0 0 0 0 0 0
0 0  0  0 0 0 0 0 0 0
0 0  0  0 0 0 0 0 0 0
0 0  0  0 0 0 0 0 0 0
0 0  0  0 0 0 0 0 0 0
0 0  0  0 0 0 0 0 0 0
   exit 1
