 1  2  3  3  2  1  1  1  1  1  0  1  0  0  0  0  1  2  1  0  0  1  1  0  1  1  0  1  2  7  9 10  0  1  0  1  1  1  1  1  1  1  0  0  1  0  1  0  1  1  1  1  2  3  4  1  0  1  1  1  1  1  0  1  2  1  1  0  0  1  1  1  0  0  1  1  0  0  1  2  1  2  1  0  1  2  0 85 85 85  2  1  0  0  1  0  1  2  1  2  3  5  7  9 10  0  0  0  0  0  1  0  0  3  2  1  1  2  1  0  1  2  1  0  0  1  0  0  0  1  0  0  1  2  1
 1  0  9  8  0  3  0  0  0  2  0  2  1  0  1  0  3  3  0  2  0  2  0  2  0  0  2  0  6  8 10 11 11  0  2  2  0  0  1  0  0  2  0  0  1  2  1  0  2  0  0  3  0  5  6  5  0  0  2  0  0  2  2  2  0  3  0  0  2  0  0  0  2  3  4  0  2  2  2  0  3  0  3  0  7  9 85 85 85 85 85  0  2  3 17 18 19  0  3  0  4  6  8 11 12 11  2  1  0  1  1  0  4  7  6  0  0  4  3  0  2  3  0  0  1  1  0  0  2  2  0  0  5  6  0
 0 11 10  9  7  6  5  4  3  0  3  0  3  0  2  2  0  2  3  3  3  1  3  3  4  3  4  5  0  9  0 12 12  0  3  3  0  0  0  0  1  0  3  3  0  0  0  3  4  3  4  5 85 85  0 85 85  0  1  0  0  3  0  0  3  4  4  3  3  3  2  1  0  5  6  5  0  3  0  0  4  4  4  6  8 85 85 85 85 85 85 15  0 16 17 19 20 22 24 25  0  0 12  0 13 13  0  3  0  2  0  0  7  8  7  5  4  4  4  0  0  4  4  2  0  0  3  5  5  0  3  4  6  7  7
12 85 85  0  7  0  5  4  0  4  5  4  3  2  0  1  0  1  0  3  0  0  0  4  0  4  0  6 10 10  0 12  0  4  0  0  2  1  0  2  0  2  4  4  2  1  0  6  5  0  0 85 85 85 85 85 85 85  0  1  2  4  4  0  0  6  5  0  0  5  4  0  0  7  8  0  6  0  7  6  5  0  0  5  7 85 85 85 85 85 16  0 14 15 16  0 21 23 25 26 27 28 30 31  0 15 14  9  7  4  3  4  6  7  6  0  3  0  0  4  0  5  5  0  1  2  4  6  6  4  0  5  0  8  8
85 85 85 85  0  0  0  0  0  0  7  6  0  0  1  0  0  0  0  2  0  0  1  0  3  0  7  9  0 13 13 11  0  5  6  7  8  0  2  3  3  0  0  5  0  0 85 85 85  0  0 85 85 85  0 85 85 85  2  0  0  5  5  0  8 10 11  0 12 11 10  0  0 11 13 15 16  8  7  6  0  0  1  2  0  0 85 85  0 13  0 13 13  0  3  0  3 22  0 28  0 29 31 32 33 16 15  9  8  6  0  0  5  0  0  0  1  2  3  3  4  5  6  0  0  2  0  7  0  0  6  6  0  9  9
85 85 85 85 85  0  1  1  1  8 85 85  0  0  0  0  1  6  5  3  1  0  0  1  2  4  8 10 12 13 13 10  9  7  0  8  9  9  0  0  4  5  0  6  7 85 85 85 85 85  1  0 85 85  0 85 85  0  0  1  2  0  6  7  9 11 12 13 12 11 10  9 10 12 14 16 17 17  0  0  1  0  0  0  3 19 19  0  0  0 12 12  0  3  0  2  2  0 29 30 30  0  0 37 36 34  0  8  7  5  0  0  2  5  4  2  0  0  2  0  0  0  0  7  8  0  0  8  8  7  7  0 10 11  0
 0 85 85 85 85 85 85  0  0 85 85 85 85  1  0  0  5  6  6  4  0  0  0  0  0  3  0  9 11 12  0  9  8  7  6  0 10 11  0  0 85 85 85  0 85 85 85 85 85 85  0  0  1  0 85 85 85 85  0  2  0  7  0  7  0 10 12 13  0  0  0  8  0 11 13  0 17  0 18  0  1  2  1  0 18 18  0  0  1 11 11  4  3  2  1  0  1  0 31 31  0 31 41 40 38 35  0  2  4  3  2  1  0  6  6  3  0  0  1  0  1  1  3  9 11 10  9  9  0  0  8  9 11 12 12
 1 85 85  0 85 85 85 85 85 85 85 85 85  2  0  3  4  6  5  1  0  1  1  0  1  1  2  0  0  1  0  2  0  5  0  0 12 85 85 85 85 85 85 85 85  0 85 85 85 85 85  0  0 85  0 85 85 85  0 11 10  9  8  0  0  0  5  4  0  2  2  0  7  8  0 14 16 19 20 19  0  0  2 16 17 17  0  0 10 10  0  0  2  0  0  0  0 32 32  0  0 43 42 41 39  1  0  1  0  1  0  1  0  7  7  0  0  2  2  0  0  2  0 10 11 12  0  0 85 85 85  0  0 13 13
 0  2 85 85 85  0 85  0 85 85 85 85  5  0  0  2  3  0  0  0  0  1  2  0  0  0  0  2  1  0  0  1  2  3  4  0 85 85 85 85 85  0  0  0  0 85 85 85  0 85  0 85 85 85 85 85 85  0 85 12 11  0 10  9  5  4  0  3  3  2  1  0  5  6  7  8 15 20 21  0 20  0  0 15 16 15 12 10  9  8  1  0  1  0  2  1  0 33 34  0 45 44 43 40  0  0  0  2  0  0  0  1  0  0  8  0  1  0  3  3  0  1  0  0 12  0 85 85 85 85 85 85 85 14  0
 1  0  0 85  0  0  2 85 85 85  0  4  3  1  0  1  0  0  1  0  0  0  0  1  0  1  3  2  0  0  1  0  0  0  4 85 85  0 85 85 85 85 85 85 85 85  0 85 85  0 85 85  0 85  0 85  0 85 85 85  0  0 12 11  6  3  2  0  0  0  0  0  3  4  0  4  0  0 22 24 23 21  0  0 14 13 11  0  7  0  2  0  0  3  4  5  0 35 49 48 46 45  0  0  6  4  3  2  1  0  0  0 10 12 13  0  0  0  4  4  0  1  0 13  0 85 85 85  0  0  0 85 85 85  0
 1  2 85 85 85  1  0  5 85 85  0  0  2  0  0  1  0  1  0  1  1  0  0  0  0  3  4  0  0  1  0  0  0  0  0 85 85 85 85  0 85 85 85  0 85 85 85 85 85 85 85  0  0  0 85 85 85  0 85 85 18 17 15 13  0  0  0  1  0  4  3  2  0  0  2  2  3  5 23 24 24 22 15  2  0  0  0  6  6  5  0  1  1  2  4  5  6 50 51 50 47  0  9  8  7  5  0  2  0  0  0  9 11 13 14 15  1  0  5  6  0 85 85 85 85  0 85 85  3  1  0  0 85 85 85
 0  2 85 85 85  0  0  4  0 85 85  0  2  1  0  1  0  0  0  1  0  1  1  1  2  0  4  3  2  0  2  0  0  0 85 85 85 85 17  0 17  0 19  0 85 85 85  0  0  0  0 85 85 85 85 85 85 85 85  0 18 17 16 14  0  1  1  0  5  5  4  0  1  0  1  0  0  4  6 24 23 16 14  0  1  0  0  0  5  4  2  0  0  0  0  0  0 52 52 51 12 11  9  8  6  1  0  0  3  5  8  9  0 12 15 16 17  0  7  8 85 85 85 85 85  0 85 85  0  2  0 85 85 85 85
 0  0  0 85 85 85  5  0  3  0 85 85  0  2  0  0  1  0  1  0  0  1  0  0  2  3  0  0 85 85 85 85 85 85 85 85 85  0 16  0 16 18 18  0 85 85 85 85  0 85 85  0 85 85 85 85 85  0 85  0  0 16 15  5  3  0  0  4  6  7  0  0  3  2  0  0  1  0  3  0  0  0 13 12  2  0  1  0  1  0  3  0  1  0  0  1  3 53 53  0 11 10  0  0  0  0  0  0  4  6  7  8 10 11  0 18 20 22 23  0 85 85 85 85 85 85 85 85 85  0 85 85 85 85  4
 1  0  0 85 85 85 85  0  2  3 85 85  3  1  1  1  0 85 85  0  0  0  0  1  0  3  0 85 85 85 85 85 85 85  0 85 85 85  0 15  0 17 18 17  0 85  0 85 85 85 85  0 85 85  0 85 85 85 85  0 12  0  0  4  2  1  0  3  7  7  6  4  4  3  0  0  0  2  2  1  1  0  3 12 11  0  2  0  1  0  4  4  0  2  0  2  0 54 54  8  7  6  4  0  1  0  1  0  5  0  0  0  0  9 10 19 21 22 23 24 26 85 85  0 85 85 85 85 85 85 85 85  0  3  0
 0  2 85 85  0 85 85  3  0  1  0 85  0  0  0  0 85 85 85 85  1  0  0  0  0  4  5 85 85 85 85  0 85 85 85 85 85 85 15 14  0 14  0 15 16 17 85 85 85 85 85 85 85 85  0 85 85 85 85 13 12 11 10  0  0  0  2  0  0  6  5  0  0  3  2  1  0  1  0  0  0  0  2  0 11 10  9  8  0  5  5  0  5  4  3  0 55 55  0  0  0  5  3  0  1  2  2  4  6  7  1  0  1  7  8  0 20 21  0  0 25  0  0 31 85 85 85 85  0 85 85  0  0  2  1
 0 85 85  0 85 85  0  4  0  0  0 85 85  0  0  1 85 85 85 85  0  1  2  3  4  5  0  0 85 85  0  3  4  0 85 85 85  0 14 13  0 13 14  0  2  0 85 85  0 85 85 85  0 85  0  0 85 85 85  0  0 11 10  9  0  1  0  1  0  3  2  0  0  0  2  0  0  0  0  0  1  2  1  0  3 10  9  8  7  6  0  6  5  0 85 85 85  0  0  7  6  0  0  2  0  0  0  3  7  7  6  0  0  5  6  5  0  0  1  1  0 26 28 30  0 85 85 39  0  6  0  8  3  2  0
 1 85 85 85 85  8  0  5  5  0  0 85 85 85 85  0  0 85 85  0  0  0  2  3  0  0  6 11 12 12  0  2  0  4  4  0  0  2  0  0 12 13 12  0  1  0 85 85  0  0  0 85 85 85  0 85 85 85  0  0  2  8  9  8  5  2  0  1  2  0  0  1  0  1  0  0  1  1  2  4  3  0  0  2  0  0  0  0  0  8  7  0  0 85 85 85 85 85 85  8  7  0  0  3  3  0  0  0  0  6  5  3  0  0  4  3  1  0  0  2  0 27 29  0 34 37 38 37  0  5  7  8  7  0  1
 0 85 85 85  0  0  7  6  0 85 85 85 85 85 85 85 85  0 85 85  1  0  0  0  1  0  7 10 11 10  3  1  0  0  3  0  1  0  3  9 10 11  0  0  1  2 85 85 85 85 85  0 85 85  0 85 85  0  1  1  0  3  7  6  0  4  3  0  0  3  2  0  0  1  0  1  0  0  5  5  4  1  0  1  2  0  4  5  9 10  0  0 85 85 85 85  0 85 85 85  0  1  0  3  2  1  1  1  2  3  4  2  1  0  0  0  2  0  2  1  0 28  0 30 33 35 36 14  6  4  0  7  6  4  0
 0 10 85 85 85 85 85  0 85 85 85 85  0 85 85 85 85  0 85 85 85  0  1  1  0  1  0  8  9  5  0  0  0  0  2  2  0  0  7  8  9  0  0  1  0  0 85 85 85 85 85  0 85 85  0 85 85 85  0  0  0  1  0  0  3  4  4  0  4  0 85 85  0  1  0  2  3  0  6  6  0  1  0  0  2  3  4  6 11 85 85 85  0 85  0  0 85 85 85  0 85  0  2  0  0  0  0  2  0  0  0  0  0  1  1  2  0  4  3  0  0 29 29  0 31 32  0 13  0  2  3  4  5  3  1
 3  5  9  0 85 85 85 85 85 85 85 85 85  0 85  0 85 85  0 85 85 85  0  0  2  0  0  0  0  4  3  0  1  1  1  0  0  3  6  7  6  0  1  0  1  0 85 85  0  0 85 85 85 85 85 85 85 85  2  1  0  0  2  1  0  2  0  5  5 85 85 85 85  4  0  4  5  6  7  0  0  2  0  1  0  0  0  0 85 85 85 85  0  0 85 85  0 85 85 85 85 85 29  0  0  6  5  3  0  1  2  3  4  0  0  8  7  6  5  0 30 30  0  0  8 13 13 12  0  1  0  0  2  0  0
 2  4  0  8  0 85 85  0 85  0  0 85  0  1  0 85 85 85 85  0 85 85  0  1  0  1  0  0  0  2  3  2  0  0  0  0  2  2  0  5  4  3  2  0 85 85  0  0 85 85 85 85 85 85  0 85 85 85  0  0  0  3  0  3  0  1  0  0 85  0 85 85 85  5  3  0  5  6  0  5  6  7  8  0 11 12 13 14 85 85 85 85  0 85 85 85  0 85 85 85 85 85 30 28  9  8  7  4  0  1  0  5  7  9 10  9  8  0  6 31 32  0  8  7  6  0 12 11  0  0  1  1  1  1  1
 1  0  6  7  7  0  0 85 85 85 85  0 85  0  0 85 85 85  0 85 85  0  0  0  0  0  1  1  0  1  0  3  0  1  1  1  1  0  0  1  0  0 85 85 85 85 85  0 85 85 85  0  0 85  0  0  0 85 85 85 85 85 85 85 85  0  0 85 85 85  0 85 85  0  0  2  1  0  3  4  6  8  9 10 11 12 13  0 15 85 85 85  0 85 85  0  0  0 85 85 85 85 29 27  0  9  8  0  0  0  2  6  8 10 11 10  0  3  0 32 33 35 36  0  5  4  0 10 10  0  0  0  0  0  0
 1  0  5  6  0  6  6  7 85 85 85 85 85 85 85 85 85 85 85 85 85  0  0  0  1  0  2  0  0  0  2  4  3  2  0  0  0  0  2  0  0 85 85 85 85 85  0 85 85 85 85  0 85 85 85  0  4  0 85 85 85 85 85 85 85 85 85 85 85  0 85 85  0  0  3  0  0  0  0  2  0  0 10  0  0  5  4  3  0  0  3  0 85 85 85 85 85 85 85 85 85  0 26 25  0  9  0  4  1  0  0  7  0  9 10  5  4  2  0  2 34 37 38 37  0  3  0  9  9  5  3  2  1  2  1
 1  2  3  4  5  5  0  5  0 85 85 85 85 85 85 85  0  0 85 85  0  3  0  0  2  2  0  1  0  0  5  0  4  0  0  1  2  3 85 85 85 85 85  0  0  0 85 85 85  0 85 85  0 85 85 85  4  3  2  0 85 85 85  0 85 85  0  0  4  4  0 85 85 85 85  4  1  0  0  1  0 85 85  0  0  3  0  2  1  2  1  0 85  0 85  0 85 85 85 85  0 24 24  0 11 10  5  3  3  0  8  9  0  0  0  4  3  0  1  0  0 38 39 39  0  2  7  8  8  4  3  0  1  0  1
 2  0  0  0  2  0  4  4  0 19 20  0  0 85 85  0 85  0  0  0  4  3  2  1  1  0  1  0  1  6  8 15 16  0  0  2  0 85 85 85 85  0  2  2  0  0 85  0  0  0 85 85  0  0 85 85  0  0  1  1  0  0  3  4  0 85  0  2  3  2  1  0 85 85 85 85  0  2  0  0 85 85 85 85  2  0  2  0  0  0  2  0 85 85 85  0  2  0  0  5  0  0 23  0 13 12  0  0  2  4  9  9  8  0  1  0  1  0  0  0  0  0 40 40  1  0  6  7  0  0  0  0  0  0  0
 3  3  0  0  1  0  2  3  5 18 18  0  8 85 85 85 85 85 85  0  0  4  0  0  0  0  2  0  0  7 14 15 16 17 18  3  0 85 85 85 85  0  1  0  1 85 85  0  0  2 85 85  0  0  0 85  0  0  0  0  0  2  0  0 85 85 85  0  1  0  0  0  0 85 85  0 85 85 85 85 85 85 85 85  0  1  1  1  0  1  2  3 85 85 85  0  1  2  0  4  6 22 22 19 15 14  0  1  0  0  7  8  7  3  2  0  0  2  3  4  5 41 41  0  0  0  0  5  5  1  0  1  1  1  0
 4  4  1  0  0  1  0  0  0 17 17  9  7  0 85 85 85 85 85 85  0  6  5  1  0  9 10 11  0  0 13 14  0 17 18 19  0 29 85 85  0  1  0  0  0 85 85  0  1  2  0 85  0 85 85 85 85 85 85  0  1  2  3  0 85 85 85  0  0  0  1  0  1  0  0  2 85 85 85 85 85 85 85  1  0  0  0  0  0  2  0  0  0 85 85  0  0  2  3  5  0 21 21  0 18 16  0  1  2  3  5  6  0  2  0  1  0  4  5  0 11 42 42  0  1  1  2  4  4  0  0  0  2  0  1
 5  0  5  0  2  0  0  0 15 16 10  0  5  6 85 85  0 85  0 85 85  8  7  0  8  9 10 11 11  0 12 11  0  2  0 19 20 22 28 27  0  0  0 85 85 85  0  2  0  0 85 85 85 85 85 85 85 85 85 85  0  0  3  4  0 85 85  0 85 85  0  2  0  0  1  0  0 85 85 85 85 85  0  0  0  0  0 85 85 85  0 85 85 85  0  1  0  2  0  4  6  8 20 20 19 17  0  3  0  4  0  1  0  0  1  0  0  5  6 10 12  0 43 45 46  0  0  3  0  1  1  0  0  1  1
 6  7  8  9 10 11 12 14 15  0  2  0  3  4  0 85 85 85 85 85 85  9  7  0  7  8  0  0 10 11 10  0  3  0  1  0 21  0  0 26  0  0 85 85 85 85  0 85 85 85 85 85 85 85  0  0  0 85 85 85 85  0  0  2  3  4  0 85 85 85 85  0  3  4  2  0  0 85  0 85 85  0  0  1  0  0 85 85 85 85 85 85 85 85  2  0  2  1  0  5  0  7  0 19 18  0  4  5  5  4  0  0  1  0  0  1  0  0  7  9 11 13 44 47 85 85  4  0  0  0  2  2  0  0  0
 5  7  8  9 10 11 13 14 13  0  1  1  0  2  0 85 85 85  0 85 14  0  6  0  6  6  2  0  0  9  8  7  4  2  0  0 22 23 24 25 27 28 85 85  0 85 85 85 85  0  2  0  0  0  0  0  0  6 85 85 85  2  1  0  0  0 85 85 85 85 85  0  5  5  3  1  0 85 85  0 85 85 85 85 85 85  0 85  0 85 85 85 85  0  1  0  0  2  0  6  8  0  0  4  0  0  0  5  5  3  2  1  0  0  0  2  2  3  8  0  0 14  0 85 85 85 85  0  1  0  3  3  1  0  1
 3  4  0  2  0  0  0 12 11  6  0  0  0  1  2 85 85 85 85  0 13 12  0  5  5  3  0  1  0  0  7  6  5  0  0 23 24  0 24  0 26 27  0 85  0 85  0 85 85  0  0  1  1  1  0  1  4  5  0 85 85  0  0  0  2  4 85 85 85 85 85  6  5  4  0  2  0 85 85 85 85  0 85 85  0 85 85 85 85  0 85 85 18  0  2  0  1  0  3  7  9  9  5  0  3  2  1  0  0  0  0  3  0  1  3  3  0  0  9  9  0 15 85 85  0 85 85 85  0  1  2  0  0  2  1
 1  2  0  1  0  0  0 10 10  0  5  4  2  0  0  0 85 85 17 14 12 11  0  4  0  0  2  0  2  1  0  2  0  6 24  0 26 25  0  1  0  0  0 85 85  0 85 85 85 85  0  1  0  0  0  2  3  4  6 85 85  0  0  1  3  3  0 85 85 85  0  0  0  0  3  0  3 85 85 85  0  0 85 85  0 85 85 85  3  0 16 17 16 13  4  3  2  0  4  0 11 10  0  4  3  0  2  0  1  0  4  6  8  9  0 12 13 11 10  0 16  0 85 85 85  0 85 85  0  0  0  3  2  1  0
 0  0  2  0  0  1  7  9  9  6  5  4  3  0  1  1  0 16 15  0 10  0  5  3  1  0  1  2  0  1  0  1  0 25 25 26 27 28  0  2  0  0 85 85 85 85  0 85 85 85  0  0  2  3  4  0  0  0  0 85 85 85  0  2  0  2  0  0  2  0  1  1  1  2  3  0  5  0 85  0 85 85 85 85 85 85  0  0  2  0  0 15 14 12  4  0  4  5  0 13 12 11  6  5  0  0  3  3  2  3  5  7  9 10 11 12 13 12  0 17 85 85 85 85 85 85 85 85  0  1  3  4  0  0  0
 1  0  3  4  5  6  0  8  7  0  2  0  2  2  0  0  6  7  9  9  8  6  4  2  0  0  3  0  1  0  0 85 85 85  0  0 85 85 85 85 85  0 85 85  0 85 85 85 85 85 85  3  0  4  5  5  0  0 85 85  0 85 85  3  0  2  1  0  1  0  1  0  0  2  0  4  6 85 85 85 85  0 85 85 85  0  1  2  1  0  9 10 11  0  2  0  5  6 14 14 13  0  0  6  7  8  4  0  0  4  0  6  8 10 11  0  0  4 13 85 85 85 85 85 85 85 85  0  0  2  4  0  5  2  1
 2  3  0  6  7  0  6  5  4  0  1  0  1  0  3  0  5  6  0  8  7  5  0  0  0  4  3  2  0  0 85 85 85 85 85 85 85 85  0 85 85 85  0 85 85 85 85 85 85  0 85 85  0  5  0  6  7 85 85 85  0 85  0 85  4  2  0  0  1  0  1  0  0  0  1  0 85 85  0  0 85 85  0  0  1  0  0  0  2  0  8  9  8  3  1  0  2  6 15 15  0  0  0  0  8  9 10  0 12 13  0  0  0  2  0  0  1  3  0 85 85  0 85  0 85 85 85  2  1  0  3  6  7  6  0
 3  3  0  6  6  5  4  0  0  3  2  0  0  6  5  4  2  0  0  3  4  0  0  1  3  4  0  0  2 85 85 85  0 85  0 85 85 85  0  0 85 85 85 85  0 85 85 85 85 85 85 85 85  0  6  0 85 85 85 85 85 85 85 85 85  0  0  1  2  0  2  0  3  2  0  0 85 85 85  0 85 85  6  0  0  2  0  0  2  3  0  7  6  0  0  1  0  1  0 16  0  1  0  3  0  9 10 11 13 14 14  1  0  0  1  0  0  2  2  0 85 85 85 85 85 85  0 85  0  0  0  8  9  8  0
 2  0  4  5  0  3  2  0  2  0 13 12  8  7  6  0  1  0  0  0  2  0  0  2  0  4  2  1  0 85 85  1  0  1 85 85 85 85  6  5  6 85 85 34  0 34 85 85 85  0 85 85 85 85 85  0 85 85 85 85 85  0 85 85 85 85  0  2  0  3  4  4  3  3  0  5  0 85 85 85 85 85  5  0  1  3  3  2  1  0  4  5  0  3  0  1  0  0  0 85 85  0  2  3  4  0  0  0  0 16 15  0  0  0  0  0  1  0  1  0  0 85 85 85 85  0 85 85 85  0  0 85 85 10  0
 1  3  4  0  1  0  0  1  2 14 14 13 11  0  8  0  0 12 13  0  1  1  1  2  5  5  0  0  0 85  0  0  0  0 85  0 85 85  0  4  0  0  0 32 33 32  0 85 85 85 85 85 85 85 85 85 85 85  0  0 85 85 85 85  0 85 85 85  0  4  4  0  0  0  4  5  6  1  0  0 85  0  4  0  2  0  4  0  0  0  0  5  4  2  3  2  0  0 85 85 85 85  0  0  4  0  0  7 17 17 16  5  3  1  0  1  0  0  0  1  3  4  0  0 14  0 85 85 85 85 85 85 85 85  1
 1  0  4  0  1  0  0  0  0 85 85  0 12 10  9  9 11 13 14 14  0  0  0  0  6  6  0  0 11 85 85  1  0  0 85 85 85  0  0  3  0  1 27 30 31 30  0 16 85 85 85 85  0  0  4  0  0  5  0  0  0 85 85 85  0 85 85 85 85  0  0  0  1  0  0  5  0  0  0  0 85 85  0  3  0  5  5  1  0  1  0  5  0  1  0  3  4 85 85 85 85  0 85 46  0  5  6  8 18 18  0  6  4  2  0  2  3  0  0  2  0  4  1  0 13 15 85 85 85 85 85  0 85 85  0
 0  4  4  3  2  0  0 85 85 85 85 85 13  0  0 10  0 12  0 15 16  2  1  0  0  7  8  9 10 85 85  0  2 85 85 85  7  0  4  3  2  0 26 28 29  0 15 14  0 85 85  0  3  3  2  1  0  4  4  1  0 85 85 85 85 85 85 85 85  0  1  2  3  2  0  0 85 85 85 85 85 85 85  0  4  5  0  6  0  2  6  6  0  0  0  0  4 85 85 85  0 85 85 85 45  6  0  0 19 19  6  5  0  3  0 13 14  9  0  3  5  5  0  0 12 14 85 85 85 85  0 85 85  3  1
 3  3  0  0  4 85 85 85 85 85  0 85 85  0 11 11  0 13  0 19 18 17  0  0  0  8  0  9  0  0 85 85 85  0 85  0  6  5  4  0  1  0  0 25 24 14 13  0  1  0  0  2  0  2  0  0  0  3  4  2  0 85 85 85 85 85 85  0 85 85  0  4  4  3  0 85 85 85 85 85 85 85 85  5  2  0  7  9  8  7  0  8  7  0  0  1  3  0 85 85 85 85 85 85  0 44  0  0 20  0  0  0  6  0 12 15 16 15  8  6  0  6  7  9 10 11  0 85 85 85 85 85  0  2  0
 2  2  0  0 85 85 85 85 85 85  0 85 85 85 85  0 14 15 85 85 85  0 85 85 85  0  9  1  0  0  0 85 85 85 85 85  0  5  3  0  0  0  3 23  0  0 12  0  2  0  2  1  0  1  0  1  2  0  0  5  0 85 85 85 85  0  0 85 85 85 85  0  5  0  0 85 85 85 85 85 85 85  6  0  1  0  8 10 10  0  9  9  8  0  0  2  0  4 85 85  0 85 85 85 45 44 43  0 40 39  0  7  8 10 11 16 17 18  0  7  6  0  7  8  9  1  0  0 85 85 85  2  0  2  1
 1  0  1  0 85 85 85 85  0  0 85 85 85 85 85 85  0 85 85 85 85 85 85 85 85 85 10  0  0  1  0 85 85  0 85 85  6  0  0  2  1  2  0 22 22 12 11 10  8  6  0  3  0  0  2  0  3  4  5  6 85 85 85  0  0 85  0 85 85  0 85 85 85 85 85 85 85 85 85  0 25  0  0  1  0  0  3  9 11 12 13  0  0 85 85  3  0  0 85  0 85 85 85 46  0 43 42 41 40 39 38  0  9 10  0  0 19 20 21  0  0  5  4  0  0  0  0  3  0  0  0  0  1  0  1
 0  0  1  0 85  0 85  0  0  1  0 85 85 85 85  0 85 85 85 85  0  0  2  0 85  0 85 11  2  0  1  0 85 85 85 85  0  0  1  0  2  0  4 21 21  0  0 11  9  7  5  4  5 85 85  0 85 85  0  0 85 85 85 85 85 85 85 85 85 85 85 85 85 85 85 85 85  0 24 24  0  0  0  0  0  0  2  0  0 14 16 85 85 85 85 85  0 85  0 85  0 85  0  2  2  0  0  0  0 38 37 34  0  0 28 27  0 25 24 22  6  0  0  3  0  1  2  3  2  1  1  0  1  0  1
 1  2  1  0 85 85  0  0  0  1  2  5 85 85 85  0 85  0 85 85  3  1  0  0 85 85 85 85  3  0  1  0  2 85 85  0  0  0  1  0  0  3  0 20 20 13 11 10  8  6  0  0 85 85 85 85 85 85 85 85  0 85 85 85  0 85 85  0 85 85  0  0 85 85 85 85  0 23 23  1  0  0 85 85  8  0  2  1  0 15 85 85 85  0 85 85 85 85 85 85 85  0  1  1  0  1  0  0  1 36 36  0 33 31 29 28 26 26 25 23  7  5  4  3  2  1  0  2  0  0  2  2  1  0  1
 1  0  1  0 85 85 85  4  2  0  0  4  0 85 85 85 85 85 85 85  0  2  0  7 85 85 85 85  0  0  0  0  1  0  0  2  1  1  0  1  3  4  0  0 19  0 12  0  0  3  4 85 85  0 85  0 85 85 85 85  0 85  0  0 85  0 85 85 85 85 85 85 85  0 22  0  0 22  0  0  0 85 85 85 85  7  3  0  0  2 85 85 85 85 85 85 85  0 85 85  2  0  0  0  0  1  1  0  0  6 35 35 34 32 30  0  0 25 24 11  0  5  0  2  0  0  0  0  1  0  3  3  0  0  1
 0  0  1  0 85 85 85 85  3  1  0  3  4  3  0 85 85 85 85  0  0  1  3  6  8 85 85 12  5  2  1  0  0  0  2  0  2  0  0  0  2  4  5 16 18 18 13  0  1  2  0 85 85 85 85 85 85 85 85 85 85 85  0  0 85 85  0 85 85 85 85 85  7  6  0 21 22 21  0  0  0 85 85 85 85  6  4  1  1  0  0 85 85 85 85 85 85 85 85  0  1  0  1  1  0  0  0  4  5  0  0 34 33 31  0  0  7  8  0 10  0  6  0  0  1  0  1  0 85 85  0  4  2  1  0
 1  0  0  0 85 85 85 85  0  0  2  0  2  0  1  2  0  0 85  0  0  2  0  0  5  0 11 10  0  4  3  0  1  1  2  3  0  1  0  0  1  0  5 15 17 17 16  0  0  2  0 85 85  0 85 85  0  0  0 85 85 85  0 85 85 85 85 85  0 85 85  0  0  0  5 20 21 20  0  1  0 21 85 85  0  5  0  0  0  2 18 19  0 28  0  0 85 85 31  2  0  0  0  2  2  0  3  5  5  0  0  0  0  0  0  0  6  7  8  9 11 12 14 15  0 22 24 85 85 85 85  0  5  0  0
 0  0  1  0  0 85 85  0  0  4  3  0  1  0  0  0  3 85 85  0  1  2  1  0  0  4  0  9  9  5  0  2  0  0  0  3  4  0  0  1  0  0  0  0 14  0 16 15  0  3 18  0 85 85 85  0 85 85 85 85 85 85 85  0 85 85 85 85 85  0  0  1  1  0  4  0 19  0 19 19 20  0  0  0  6  0  1  0  0 17 18  0 23 25 27 28 29 30  0  0  3  4  3  2  0  2  3  0  5  4  1  2  1  0  1  0  5  0  0  0 10 13 16 18 21 23 85 85 85 85 85 85 85  6  0
 1  1  1  0  0 85 85  0  5  5  4  2  0  1  0  0  4 85 85  0  0  2  0  0  2  3  4  8  8  6  3  2  1  1  2  0  5  6  2  1  0  0  1  0 12 13 14 15  0 17 19 20  0 85 85 85 85 85  0 85 85  0  0 85 85 85 85 85  5  0  0  2  0  2  3  5  6 18 18  0 20 21 22 22 21  0  2  3 13 16 17 19 22 24 26 27  0  0  0  0  5  5  0  1  0  1  0  4  4  0  3  0  2  0  1  3  4  4  1  2  2  0 17 19 20 22 85 85 85 85  0 85 85 85  0
 0  0  0  0  1 85 85  0 85 85  0  3  0  3  2  0  0 85 85  0  4  3  0  1  0  2  0  0  7  0  5  0  0  0  2  3  7  8  7  0  0  0  1  0 11 12  0  0 16 18  0 85 85 85 85 85 85  0  1 85 85 85 85  0 85 85  0  0  0  4  3  1  0  0  4  0  0 17 17  0  0 21 22 22 21 20  3  0 12 14 15  0 20 21  0  0  1  2  3  5  6  0  6  0  0  0  0  0  3  2  1  2  1  0  2  0  5  0  3  0  0  1  0 18 19  0  0 85 85 85 85 85 85 85  0
 1  1  1  0  0 85  0 85 85 85 85  0 85 85 85  0 85 85 85 85 85 85  0  1  0  1  0  0  4  6  5  4  0  0  2  0  8  9  0  8  0  0  2 10 10  0  1  2  3 17 85 85 85  0  0 85 85  0  0  0 85 85 85 85  1  0 85 85  0  5  4  0  0  0  5  6  7 16 16 15  0  0 16  0 20 19  0  1  0 11 10  0 11 11  1  0  0  2  3  4  6  7  9 10  0  7  6  4  0  0  0  0  1  0  3  6  0  4  3  2  1  0  0 14  0  1  0 85 85  0 85 85  0 85 85
 0  0  2  3  0 85 85 85 85 85 85 85 85 85 85 85 85 85 85  0 85 85 85  0  0  1  2  3  0  5  0  3  3  2  1  0  0  9 10 11  9  0  3  9  9  0  2  0  0  0 85 85 85 85 85  0  0 85  0 85 85  0 85  0  0  0 85 85 85  6  0  0  0  1  6  7  0  0 15 14 13  0 15  0 18 18  0  2  0  8  9  0 10  0  0  0  0  0  0  2  0  8 11 17 16  8  7  5  2  1  0  0  0  0  8  7  5  0  3  0  0  0 14 13  0  0  0 85 85 85 85 85 85 85 85
 1  0  3  4  6 85 85 85  0 85  0  0  0 85 85 85 85  0 85  0  0  0 85 85  0  3  0  7  6  3  2  0  2  0  0  0  0  0 10 11 10  0  4  0  8  0  3  3  1  0 85 85  0 85 85 85 85 85 85  0 85 85  0  0  1  2  3 85 85  0 85 85  0  0  7  0  8 10 11 12  0 14 16 17 17  0  4  3  4  6  7  9  9  8  0  0  0  0  1  0  1  0 18 18 17 15  0  6  0  0  2  0  0 15 17 18  0  4  0  1  0 15 14 12  0  0  1 10 85 85  0 85 85 85  0
 0  4  0  0  5  7 85 85 85  1  0  1  2  0 85 85 85 85 85  0  1 85 85 85 85 85 85  9  8  0  1  0  0  1  1  0  0  1  3  0 11  0  5  7  7  5  4  0  4 16 85 85 85 85  0  0 85 85 85  0 85 85 85  2  2  0  0  0 85 85 85 85 85 85 85  0  9  9  0  5  5  0 15 16  6  5  4  0  0  5  0  0  8  7  0  0  1  2  1  0  1  0 19 18 16 14  0  7  7  3  4  5 14 16 19 85 85 85  0  0 15 15  0 11  9  0  9  0  0  0 85 85 85 85  1
 3  4  4  0  0  0  0 85  0  0  0  3  4  0 85 85 85 85 85 85  0 85 85 85  0 85 85 85  0  9  0  0  0  0  2  2  0  2  0 85 85  0  6  7  6  0  3  0  5 15 17 85 85 85  0 85 85 85 85 85 85 85 85  0  0  1  0  1 85 85 85 85 85 85 85 85  0  0  4  4  3  0  1  0  4  0  4  0  1  0  6  0  6  0  3  0  0  1  0  0  0 20  0  0 13 12  9  8  0  8  0 13 15  0 85 85 85 85 85 15 14 13 12 10  0  8  9  9  0 12 13 85 85 10  0
 2  4  3  1  0  1  0  1 85 85  0  5  6  7 85 85 85 85 85 85  0 85  0  0 85 85 85 85 85 85 85 85  8  0  3  3  0  6 85 85 85 85  0  5  0  2  0  4  0  0 14  0 85 85  0 85 85 85  0 85 85 85 85  3  2  1  0  2  0 85  0 85 85 85  0 85 85  0  3  0  2  0  0  2  3  0  3  4  0 10  9  7  5  4  3  2  0  0  0  6 21 22 21  0 11  0  9  0  9 11 12  0 16 19 85 85 85 85 85  0  0 12 11  0  6  7  0  8 10 11 12  0  9  3  1
 1  0  0  2  0  0  0  0 85 85 85 11  0  8  0 85  0 85  0 85 85 85 85 85 85 85  0 85 85  0 85 85 85  7  0  4  5  6 85 85 85 85  4  3  0  1  2  3  4  5  0 13 85 85 85 85 85 85 85 85  0 85 85  0  0  2  0  3  7 85 85  0 85  0 85 85 85 85  0  2  1  0  1  0  2  2  0  5 11 10  9  8  0  0  4  0  1  0  5  6 22 23 24  0 11 10  1  0 10 11 12 17 18  0 85 85 85 85 85 85  0  4  3  0  0  5  6  7  0 10  9  8  0  0  2
 1  0  1  0  3  0  0  0  0 85 85 85 10  9  0 85 85 85 85 85  0 85 85  0  0  2  0  0  2  2  0 85 85  6  0  0  5  0  0 85 85  0  3  2  0  1  0  0  6  0 11 12  0 85 85 85 85 85  0 85 85 85  0  1  1  0  4  6  0 85 85 85 85 85 85 85 85 85  2  0  0  2  0  1  0  1  0 12 13  0  0  0  7  6  5  2  1  0  4  5  0 24 25 27 28  0  2  0 10  0  0 18 19  0 85  0 85 85 85 85 85  0  2  1  2  4  0  0  6  0  7  6  0  2  1
 1  2  0  4  6  5  3  2  1  0 85  0 85  0 85 85 85 85 85  0  0  2  3  2  1  0  1  0  0  1  0 85  0  0  5  4  3  2  0  0  1  0  1  0  0  0  2  5  6  7 10 11 10  1  0 12  0 85 85 85 85 85  0  1  0  0  5  7  9 85 85 85 85 85  0 85 85  0  1  1  2  3  4  0  0  0  0 14 15 14  9  8  0  8  7  0  0  2  3  1  0  0 26 29 30 29 13  0 10  9  0  8 19 85 85 85 85  0 85  0 85 85  0  0  0  3  4  5  5  4  0  5  4  3  0
 0  2  0  7  7  6  4  2  0  0  0 85 85 85 85 85  0  0  5  2  1  0  0  0  1  0  0 85 85  0  0 85 85  8  6  0  2  1  0  1  0  0  1  0  1  0  3  4  5  0  8  9  0  0  0  0 11 12 85 85 85  4  3  0  0  1  0  8 10  0 85 85  0  0  4  0  0  0  0  0  0  4  5  5  6  7 15 15  0 16 15  0  9 10  9  5  0  3  0  0  0  1  0 31 31 30 13 12 10  8  7  6  0 85 85 85  0  0  1 85 85 85 58 56 54  0  0  5  0  0  3  0  4  3  0
 1  0  8  8  0  5  0  0  0  1  2  0 85 85 85 85  0  4  4  0  0  0  1  0  2  0 85 85 85 85 85 85 85  9  7  0  0  0  0  1  0  1  0  2  2  2  0  0  3  0  0  2  1  0  0 10 10  0  0  0  2  0  2  3  2  0  2  0  9 11 12  7  6  4  3  2  1  0  1  0  0  6  0  6  0 17 16  0  0 18 17  0 12 11 10  0  4  3  0  0 85 85  0 32 32  0 12 11  0  0  0  4  5  6 85 85  0  0  0 85 85 85 57 56 55 53  0  1  5  4  2  0  2  2  0
 0  2  7  7  6  0  0  1  2  3  0  8 14 85 85  2  0  3  3  0  1  2  0 85 85 85  0 85 85  0 85 85 10  8  0  0  1  4  4  0  2  2  0  3  0  0  2  3  2  0  0  0  3  0  8  9  9  0  0  1  0  1  0  0  3  3  2  0  0 12  0  6  5  0  3  0  0  0 85 85 85 85 85  0 85 85 85  0 20 19 18 13 12 11  0  2  3  2  0 85 85 85 85 33  0  3  0  0  1  0  0  3  0  0  0 85 85  0 85 85 85  0  0 55 54 52  0  0  6  5  1  0  1  0  1
 1  0  3  6  5  4  0  2  2  0  7  8  0 13  0  0  1  2  0  0  0 22 85 85 85 85 85  8  7  6  5  0  5  4  3  0  3  5  5  3  0  3  4  4  3  1  0  2  0  1  1  4  5  6  7  8  6  5  0  1  0  1  0  1  2  3  1  0 13 13  0  0  1  0  1  2  3 85 85 85  0 85 85 85 85 85 85 85 21 20  0  0  0  2  0  1  0  1  0 85 85  0 85 85  0  2  3  0  0  1  2  3  0  0 85 85  0 85 85 85  0 50  0 50 51 11  9  7  6  0  0  0  0  1  1
 1  0  0  0  0  4  3  0  1  0  6  7  9 11 12  0  0  0  1  0 21 23 85 85 85 85  0  0  0  4  3  0  0  2  0  2  0  4  0  0  6  5  0  3  2  0  0  1  0  0  0  6  7  0  0  0  0  5  4  0  2  1  0  0  0  0  0  0 14 14  1  0  0  2  0  0 85 85 85 85 85 85 85 85 85 85 85 85 21 13 12 11  3  1  0  0  2  0  0 85  0 85 85 85  1  0  4  4  0  0  2  0  4 85  0 85 85 85  0 53 52 50 49 48  0  0 10  8  4  0  1  0  0  0  0
 2  3  2  1  0  4  0  2  0  0  4  5  0 10 12 13 14 15 16  0 20 22 85 85 85 85  0  1  0  0  2  2  1  0  0  1  3  0  5  6  7  7  0  0  1  0  3  2  0  1  3  8  9  0  0  0  0  3  4  0  3  0  0  1 49 48  0 15 15  0  0  0 20 21  3  0 85 85 85  0 85  0  2  0 85 85 85  0  1  0 12 11 10  0  0  3  3  0 85 85 85 85 85  0  0  0  5  6  0  0  3  0 85 85 85 85 85  0 53 52 51  0 47 46  0 11 11  0  3  2  1  0  1  0  0
 2  3  4  0  5  5  3  2  0  1  2  3  2  0  0 13  0 17 18 19  0  0  0 85 85 85  5  0  1  0  1  0  0  2  0  0  6  7  6  0  0  8  9  0  0  4  4  3  0  2  0  9 10 12 13  3  2  0  0  5 34 35  0 51 50 49 47 16  0 16 17 19 22 24 25  0 85 85 85 85 11  0  1  0  0  0  4  0  0  0  3 10  9  0  5  4  0  4 85 85 85 85 85  0  1  2  7 10 12 14 16 20 85 85 85 85 85 54 18  0 19  0 45  0  0 23 24  0  3  0  1  0  1  0  0
 1  0  3  5  6  0  6  0  1  0  0  0  0  1  1  2 14 19 20  0 85 85 85 85 85  6  4  2  1  0  0  0  3  4  3  5  7  7  2  0  0  9 10 11  6  5  0  4  0  3  4  0 11 13 14 15  0  1  0 33 35 36 52 53 52  0 48 46  0 18 18  0 23 26 27 28 29 85 85  0 10 10  0  0  1  4  3  0  1  2  0  0  0  8  7  6  0 85  0 85 85  0 85 85  0  0  9 11 13 15 19 20  0 85 85 85 55  0 16 17 18 44 44  0 22 24 24 23  0  2  0  0  0  0  0
 0  0  2  0  4  5  5  5  0  0  0  1  0  0  0  0  3 20 21 85 85 85 85 85  0  0  3  0  0  6  6  5  4  0  4  0  6  0  0  1  0  1 10 11 12  0  0  5  6  7  0  9 10  0 15 16 16  0 29 32 34 37 52 53 52 49 48  0 45  0 19  0  0 30 29  0  0  5  4  0  4  9  9  0  6  5  0  2  0  2  3  4  7  7  0  7 85 85 85 85 85 85 85 85  0  8  8  0 12 14 18 19 18  0 16  0 15 15  1  0  0 43 43 21  0 23 24 22 10  3  0  1  3  2  0
 0  1  0  1  0  3  0  4  5  6  7  4  2  0  0  0  0  0 85  0 85  0  0  5  0  1  2  4  5  6  7  0  6  0  0  5  0  7  5  0  0  0  0  0 12 13 14  0  7  7  8 10  0  0  0 17 18  0 28 30 31  0 38 51 50  0 47 47 46 44 20  0 31 31 30  5  0  3  0  0  3  0  8  8  7  6  4  3  0  0  5  8  0  6  5  0 85 85 85 85 85 85 85  9  8  7  6  0  9  0  0 17 16 15  0  0 14  0  0  0 42 42  0 20  0 20 21  0 11  9  0  5  4  3  1
 2  2  0  0  0  1  2  3  0  7  8  8  3  0  0  0  0 85 85 85 85  0  5  4  0  0  0  3  4  0  0  7  7  7  6  0  9  8  6  4  3  2  1  0  0 15 33 34  0  0  0 11 11  1  0 18 19 20  0 27 26 25  0  0  3  4  5 46 45 43 40  0 33 32  0  5  4  2  1  2  3  0  7  0  8  0  0 13 13  0 10  9  7  4  0  0  5 85 85  0 85 85  0  0  2  0  5  0  8  9 10 13 14 13  0 13 13  2  1 17 41 41 21 19 19  0  0 13 12  0  8  7  6  0  2
 3  3  1  0  1  0  0  0  4  6  9  9  0  0 85 85 85 85 85  0 85 85 85  0  3  2  2  0  0  2  3  4  8  0  8 10 11 10  0  0  4  3  0  0  0 32 34 35 36 37 39 40  0 46 47  0  0 21 22 23 24  0  1  2  0  2  0  0 42 41 39 36 34 33  0  4  3  0  0  0  3  5  6  7  0  9 12 13 13 12 11 10  0  0  3  0  0  4  0  0  1  1  0  1  0  0  4  6  7  8  0 11 12  8  0 12 12  0  0 16 40 40  0  0 18 17 14  0 13 11  0  8  7  4  3
 4  5  0  0  0  0  1  0  5  0  0 85 85 85 85 85 85 85  3  2  0 85 85 85  0  3  1  0  1  0  3  0  0  9 10  0 11 12  0 15 16  0  0 23 28 31 33 35 36 38 41 42 45 48 49 48 24 23  0  0  0  0  2  0  1  1  0  0  0 38 37 35 34  0  3  2  0  1  0  1  0  4  5  0  8 10 11 12  0 12 11  0  0  2  3  4  3  0  1  0  0  0  0  0  2  3  0  5  0  0  0  6  0  0  7  0 11  0 14 15  0 39 39  0 18  0 16 15 12  0 10  9  0  4  3
 6  7  6  1  1  2  0  6  0  6 85 85 85 85 85  0  0  2  0  0  1  0 85 85  4  0  0  0  0  2  0  0  4 10 10  2  0 12 14 15 16 17 22 24 27 29 30  0 19  0 43 44  0 50 50 49 24  0 24 26 85 85 85  0  0  0  2  3  4  0  0  5  0  2  0  1  0  0  2  0  0  1  1  0  3  9 10  0  4  5  4  0  1  2  0  0  4  2  0  0  1  2  2  1  0  4  5  2  1  0  3  5  6  6  5  8 10 12 13 14 16 38 38 31 20  0 17 17  0  0 11 10  5  0  2
 8 10 11  0  0  9  8  7  7  0 85 85  0  0  1  0  1  0  1  0  1  0 85  0  5  2  1  1  1  1  2  3  0 11  0  0  1  0 13 14  0 18 21 23 25 26 17  0  0 18 44 45  0 52 51  0  0  0 25 85 85 85 85 85 85 85  4  0  4  5  0  4  3  1  0  0  0  0  3  3  0  0  0  0  2  0  0  3  0  0  0  3  0  0  1  5  6  0  0  0  3  4  0  3  0  6  5  0  1  0  2  4  5  0  4  0  9 11 12  0  0 37  0 32 30 19 18  0 18 12 11  6  4  3  1
 9 11 12 13 12 11 10  0  0  8 85 85 85  0  1  0  1  0  2  4  5  0 85 85 85  0  0  0  0  0  0  5 12 12  0  0  1  0  0  2  0  0 19 20  0 15  0 16 17  0  0 45 53 54 53  2  1  1  0 85 85  0  0 85 85 85 85  0  6  0  5  4  0  0  1  0  1  0  4  4  0  1  1  0  1  1  2  3  0  0  2  4  4  0  0  6  7  7  1  2  5 10  9  8  7  6  3  2  0  0  1  0  3  3  0  3  0  5  2  1  2 36 36 33  0 29  0 22 21 19  0  0  0  0  2
 2 10 12 13 14  0 12 11  0  0 85 85 85  2  0  1  0  0  3  6  7  9 85 85 85 85  1  1  2  3  4  6 13 13  1  0  2  3  2  1  0  0  1  0  0 13 14 15 17 18 33  0 58 57 55  0  0  2  0 85 85  0 85 85  0  0 85 85 85 85  0  0 85 85  0  1  0  0  6  5  0  2  2  0  0  0  0  3  4  1  0  5  5  0  1  0  8  8  0  0 85 85 13  0  8  0  0  0  1  0  1  0  1  2  0  2  4  0  0  0  0 35 35 34 32 30 28 25 23 20  0  4  3  2  1
 1  0  0  0 15 15 14 13  0  0  0 85  0  3  0  0  2  2  0  5  7  8 85 85 85 85  0  0  4  5  0  0 14  0 14  0  4  4  0  0  2  0  0 11 12 13  0  0  0 32 34 59 59 58 56  4  3  3  0 85 85 85 85  0  8  9 10 85 85 85 85 85 85 85 85  0  0  7  9 10  0  4  3  0  1  1  2  3  0  5  0  7  8  0  0  9  9  0 85 85 85 85 85 12  0  9  8  0  5  4  0  0  0  0  1  0  3  5  7  9 11 16 34 33 31 29 27 26 24  0  6  5  4  0  0
 0  0  1  0 16 16  0 85 85 85 85 85  0  6  5  3  0  1  1  0  4  0  0 85 85 85  1  0  6  7  6  7 15 18 17 15  0  5  6  7  8  9 10 11 12  0  0  0  0 31 33 60 60  0 57  0  0 61 64 65 85 85  0  6  7  8  0  0 85 85 85 85 85 85 85  0  0  8 11 12 11  4  3  2  0  2  0  0  4  5  6  9 10 11 10  0 85 85 85 85 85 85 85 11 10  9  8  7  6  5  3  2  1  0  1  0  0  6  8 10 12  0 15  0  0  0 26 25  9  7  0  6  0  0  0
 0  1  0  2  6 17 85 85 85 85  0 85 85  9  7  4  0  0  0  0  2  3  4  0 85  0  0  2  8  9  0  0 17 18 18 16  0  7  7  0  9 10  0  0  0  0  0 27 28 29 30  0 61 62  0 58 60 62 63 64  0  7  0  0  5  0  1  0 85 85 85  0  0 85 85 17  0  0 13 14 15  0  0  0  2  0  1  2  3  4  0 11 12  0 85 85 85 85 85  0 85 85  0  0  2  0  1  0  7  0  4  0  2  0  1  0  1  2  7  9 11 13 14  1  0  1  0  0  8  0  0 85 85  0  1
 2  3  0  5  0  0 85 85 85  0 85 85 85 85  8  3  0  1  1  1  0  5  0 85  0  2  1  0 10 12 14 15 16 18 17 11  9  8  0  0  0 12 11  0  0  0 26 27 28  0  1  0 62 62 61 59  0 61 62 14  8  6  5  4  3  2  1  0  0 85 85 85 85 85  0 18 16 14  0 17 18 16  1  1  1  0  2  0  0  0  0 12 13 85 85 85  0  0  0  0  0  2  2  1  0  0  0  0  8  8  0  5  3  0  1  2  0  0  0  1  0 14  0 15  0  0  0  0  9  0 85 85 85 85  0
 2  3  4  6 85 85 85 85  2  0  0 85 85 85  0  2  0  0  0  0  6  7 85 85 85  3  0  0 11 13 14 15  0  0  0 10  0  0 13 15 17 19 20  0  0 24 25 26  3  2  0  0  0 61 60 16 15  0 13  0  0  7  0  4  0  0  1  0  1  2  0  0 85 85 85 19  0 15 16 18 19 19  0  0  0  3  3  0  1  0  1  0 85 85  0  2  0  1  0  1  0  1  0  2  0  1  1  0  8  8  7  6  4  1  0  0  1  1  0  0  0 15 85 85 16  0  1 85 85 85  0 85 85 85  2
 1  0  0 85 85 85 85  0  1  0  0 85 85  4  0  1  1  0  3  7  8  0 85 85 85  0  4  5  0 12 13  6  0  0  8  9 10 12 14 16 18 19 20 21 22 23 24  0  0  0  3  0  7  8  0 14 13 12 11  9  8  7  5  0  0  0  0  0  2  0  0  3 85 85 85 85  0  2 16  0 85 85  0  0  0 85 85  0  2  0  2 85 85 85  0  1  2  1  2  0  0  2  0  3  4  5  0  7  0  0  7  5  0  0  0  0  1  0  7  8  0 85 85 85 85  0 85 85 85 85  0  0 85 85  1
 0  2 85 85 85 85  2  0  0  2 85 85  0  3  2  0  0  2  3  8  9  0 85 85  5  0  6  6  0  2  0  5  0  7  8  0  0 11 13 15 17 18  0 21 22  0  0  1  0  3  4  6  7  0  8  7  0 11 10  0  7  6  0  0  1  0  3  3  0  1  2  0 85 85 85 85  0  1  0 85 85 85 85 85 85 85 85 85  4  3  0 85 85  0  1  0  0  0  0  2  3  3  2  0  4  5  6  7  8  8  0  0  0  5  4  0  0  6  7  8 85 85  0 85 85 85  0 85 85 85 85 85 85  0  0
 0 85 85  0 85  0  0  1  0 85 85  0  1  0  3  0  1  2  0  0 10 85 85  0  3  4  7  7  0  1  3  4  6  7  0  0  1  2  0  0  0  0  1  0  0  1  0  2  2  0  5  6  0  8  0  6  5  4  3  0  0  0  0  0  0  2  3  4  0  2  0  3 85 85 85 85  0  1  0 85 85  0  0 85 85 85 85 85  0 85 85 85 85 85  0  0  3  2  1  0  3  0  1  0  0  0  4  0  9 10  0  9  8  7  6  3  0  5  6  0 85 85 85 85 85 85 85  0 85 85 85 85 23 22  0
85 85 85 85 85 85  0 85 85 85 21  0  0  0  4  4  0  0  1  2 11 85 85  0  2  0  0  8  0  0  2  0  5  0  8  0  1  0  0  0  1  0  0 16 15  0  3  0  3  0  0  6  0  8  7  0  2  0  2  2  0  1  1  0  1  1  0  0  4  3  0  0 85 85  0 85 85  0  0  1 85 85  0 85 85  0  0 85 85 85 85  0 85  0 85  4  3  2  0  0  3  0  0  2  3  3  1  0 10 11 11 10  9  7  5  0  2  0  4  0 85 85 85 85  0 85 85 85  0 85 85  0 22 21 20
85 85 85 85 85 85 85 85 85  0 20 18  9  0  5  5  0  0  0  2  0 85 85  0  1  3 85 85  0  0  0  3  4  9 85 85  0  0  1  2  2  2 17 17 16 14 13 11 10  0  7  0  9  9  0  0  1  0  1  0  2  0  2  2  0  0  0  0  5  6  0  0 85 85 85 85 85  1  0  0  0 85 85  0 85  0 85 85  0 85  0 85 85 85 85 85  0  0  1  2  4  5  0  4  4  0  2  0  3 11 11 10  0  4  0  0  1  2  3 17 85 85 85 85 85  0 85  0  0 14 15  0 19 20 19
 0 85  0 85  0 85 85  0  0 21 19 17 16  8  6  0  1  0  1  2  0 85 85  0  0 85 85 85 85 85 85  0  0 85 85 85 85  0  0  2  0  0 19 18  0 14 13 12 10  9  8  9  0 11 10  2  1  0  0  1  0  3  3  0  2  1  1  2  7  8  9  0 21 85 85 85  0  0 85 85  0 85 85 85 85 85 85  0  0 85 85 85 85  0  0 85 85  0  1  0  5  6  7  5  0  4  3  0  2  0  0  0  0  0  3  2  0  0  0 16 85 85 85 85 85 85  0  9 11 13  0 16 17 18  2
 1  2 85 85 85 85  0 26 24 22  0 16 15  7  0  0  0  0  2  0 85 85 85 85 85 85 85  0 85 85 85 85 85 85  0 85 85 85  0  0  3 21 20 19  0  0 12  0  0  0 10  0 12 12 11  0  0  2  3  0  0  0  4  4  3  0  0  8  0 10 11 10  0 20  0 85  0 85 85 85 85  0 85 85  0 85 85  0 85  0 85  0  0 85  0 85 85  0  1  0  0  7  7  6  0  4  4  0  1  3  4  5  6  7  0 85 85 16 15 14  0 85 85 85 85  0  7  8 10 12 14 15 16  0  1
 0  2  0 85 85 29 28 27 25 23 15 14  0  0  0  1  0  3  4  0 85 85 85 85  0  0  3  3  1  0 85  0 85  0 85 85 85 85 85  0 22 21 20  8  7  8 10 11 11 12 13 14 13  0 12  0  1  3  4  5  1  0  5  0  4  4  9 10 11 12  0 11  0 19  0 85 85  0 85 85 85 85 85 85 85 85 85 85 85 85  3  4 85 85 85 85 85  0  0  0  0  8  0  0  5  0  3  0  0  4  5  0  7  8 85 85 85 85  0 13  0  2  0  0  0  4  5  6  0  0 13 14  5  2  0
 0  3  0  0 14  0 27 26 24  0 13 12  0  0  1  1  0  4  5 85 85  0 85  0  1  0  2  0  0  0  3 85 85 85 85 85 85 85 85 85 22  0  0  6  0  0  9 10  0 12 14 15 15  0 13 14  0  0 11 10  8  0  6  5  0  0 13 12  0 13 14  0 18 20 85 85 85 85 85 85 85 85  0 85 85 85  0 85 85  0  2  0 85 85 85 85  0 85 85 85 85 85 85 85  0  4  2  0  0  1  5  6  0 85 85  0  0 85 85 12 10  0  1  1  0  2  3  0  2  3  0  4  0  2  1
 4  6  7  8  0 13 14 15  0  0 11 11  0  1  0  0  0  0 85 85 85 85  3  2  0  3  0  1  1  2  4  0 85 85 85  0 85 85 85 85  0  1  0  5  5  0  2  0  0  3  0 17 16  0 14 14 13 12 11 10  9  7  6  0  0 85 85 85  0 15 16 17  0 85 85 85 85 85 85 85 85  0 85 85 85 85 85 85  2  0  1  0 85 85  0  0  0 85 85 85  0 85 85 85 85  3  0  1  0  0  0 85 85  0 85 85 85 85 85 11  9  6  0  0  1  0  1  1  0  2  3  0  0  2  0
 5  7  8  0 10  0 12  7  0  8 10  0  0  1  0  0  1 85 85 85 85 85  0  0  2  2  2  0  0  0  5 85 85 85 85  0 85  0 85 85 85  0  0  5  4  3  0  1  2  0 19 18 17  0 15  0 13  0  0  9  8  0  0 85 85 85 85 85 85 17  0 18 85 85  0  0  0  0 85 85  0 85 85 85 85 85 85  0  1  0  2  2  0 85 85  0 85  0 85 85 85  0  0 85 85  0  0 85 85 85 85 85 85  0  3 85 85 85  0  8  7  5  4  0  2  0  0  0  0  1  0  4  4  3  1
 0  6  7  9 10 11  0  5  6  7  9 11 13 14  0  2  0 85 85 85 85 85  1  0  1  0  0  1  0  0 85 85  0 85 85 85 85 85  0 85 85 85  6  0  0  2  0  3  0 20 21 20  0 16  0 14  0  1  1  0  2  0 85 85 85  0 85 85 85 85  0 85 85  0  2  1  0  1  0 85 85  0 85 85 85 85  2  0  0  4  3  0  0  2 85 85 85 85  0 85 85  0  0  0 85 85 85 85 85 85 85 85  0  0  0  2  0  4  5  4  0  3  0  4  4  3  0  1  2  0  0  5  5  0  2
 1  2  0  0 11  0  4  3  0  3  0 12 15 85 85 85 85 85 85 85 85  0  1  0  1  0  1  0  0 85 85 85 85 85 85 85 85  0  2  3 85 85  7  1  0  1  4  5  6 21 22 23  0 25 26  0 15  0  0  1  1  0 85 85 85  0  1  2  0 85 85 85  0 85 85  0  0  0  0 85 85 85 85  0  0  0  1  0  5  6  5  0  1  0  0 85 85 85 85 85 85 85 85 85 85 85  0 10  0 85 85  0  0  1  0  1  0  1  3  0  0  1  2  3  4  2  0  3  3  0  1  0  5  3  1
 1  0  0 12 12  5  0  0  2  1  2  0 85 85 85 85 85  0  0  0  0  0  1  0  2  0  2  3 85 85 85  0 85 85 85 85 85  0  1  0  0 85  0  2  0  0  4  5  0  7 22 23 24 26 27 27 28 29  0  0  0  2  0 85 85  0  0  0  0 85 85  0  1 85 85 85  0  1 85 85 85 85  4  2  1  0  0  0  7  8  7  0  3  2  0 85 85 85 85 85  0  0 85 85  0  0  1  0  9  9  5  4  3  2  0  1  0  0  0  2  1  0  0  0  0  1  0  5  4  0  0  4  4  0  2
 0  0 10 11 11  0  1  1  0  0  0  2 85 85  0 85  0  3  2  1  0  0  6  8  8  6  4  0 85 85  0  1  0  0 85 85 85  0  2  0 85 85 85  2  1  0  2  3  4  0  0  8  0 25 26  0 28 29 30 31  0 33 85  0  0 85  0  0 85 85  4  0  0  0 85 85 85 85  0 85 85  0  0  3  0  1  0  0  9 10  0  8  4  3  0 85 85  0  0  3  2  1  0  0 34 33  0  0  8  0  0  0  4  4  0  0  2  0  1  0  1  0  0  1  0  0  7  6  5  0  1  3  4  3  1
 0  0  9 10  9  0  0  0  1  0  1  1  0 85 85  0  3  2  0  2  3  5  7  9  9  7  5  0 85 85  0  0 85 85 85 85 85 85 85 85  0 85 85  0  0  0  1  0  0  4  6  7  0 11  0  0 15  0 30 31 32 85 85 85 85 85 85 85 85  0  3  2  1  0 85 85 85 85 85  0  0  0  0  7  6  0  0  0 10 11 11 10  9  0  0  0 85 85  0  3  0  0  0  0 33 33 32  9  7  5  1  0  0  5  6  7  3  2  1  0  1  0  0  0  0  8  7  6  2  0  0  2  0  2  0
 1  3  0  8  7  2  1  0  0  2  0  0  0  0 85 85  0  1  0  0  4  6  0 10  0 10  0  0 85 85 85 85 85 85 85 85  0  0 85 85 85 85  4  2  1  0  0  0  3  0  5  7  9 10 11 12 14 16 20 21  0 85 85 85 85 85 85 85  8  0  3  0  0  2  0 85 85 85  0 18  0  1  8  9  8  5  3  2  0 11 11  0 10 11 12  0 85 85 11  0  2  1  1  0 31 32 31 10  6  4  0  0  0  0 10  9  8  0  0  2  0  0  0 10  9  8  0  1  0  1  0  1  0  0  1
 2  3  4  6  0  0  7  8 10 11  4  2  1  0 85 85 85  0  0  0  5  0  7  9 11 13 85 85 85 85 85 85  0  0  6  5  0  1  0 85 85  0  3  0  1  1  1  2  4  4  0  0  8 10  0 13  0 17  0 19  0 26 85 85  0  0  0  7  6  2  0  2  3  0 26 27 28  0 20 19 17  0 11 10  9  4  3  0  1  0  0  1  0 85 85 85 85 12 10  9  3  0  0  0 29 30 29  0  0  3  2  0  1 12 11 10  0  7  0  3  3  0 12 11 10  2  0  0  0  1  2  1  0  2  0
 1  2  0  5  6  6  7  9 12 13 12  3  0 85 85 85 85  0  1  0  4  5  0  8 12 85 85 85  0 85 85  7  0  1  4  4  0  0  0  0  0  4  0  0  0  0  0  0  3  4  3  0  3  0 11 13 15 16 17 18 25 25  0  4  4  4  5  5  0  0  1  0  4 13 25 26  0  0 21 20 16 15 14 12  0  0  1  0  0  0  0  0 85 85 85 85  0  0  0  8  8  0  9 10 11 28  0 27  0  2  1  0 13 13 12  9  8  7  6  4  0 13 13 12  0  1  0  0  1  0  0  0  3  2  1
 0  0  0  6  0  0  5  0 13 14 13  0  0 85 85 85 15  5  0  3  4  3  0  0  0 85 85 85 85  0  6  0  2  0  0  3  2  1  1  1  3  4  0  0  1  2  1  0  0  0  3  2  1  2  0 12 14 16  0  0 24 24  0  0  3  0  4  3  0  0  0  0  5 12 14 24 23 22 21  0  0 15 14 13  1  0  0 85 85 85 85 85 85  0 85 85  0  1  2  0  7  8  9 10  0  3 27 27 26  0  0  0 14 14  0  0  0  7  0  5  0 14 14  3  2  0  0  1  2  0  5  4  3  0  0
 1  2  7  7  5  4  0  2  0 14  0  0 85 85  0  0 14  0  4  0  2  1  0  0  1  5 85 85  6  5  0  3  1  0  1  2  0  0  0  2  0  6  5  2  0  3  3  0  0  4  0  0  0  0  1  0  1  0 17 22 23 23  0  2  1  0  2  2  0  0  1  2  4 10 11  0 23 22 13  0  0 10  0 12  0  0 85 85 85  0 85 85 85  0 85 85  0  3  3  0  6  0  7  0  0  2  0 26 25 24 21  0 15  0 10  9  8  4  0  6 15 15  0  1  0  1  0  3  0  6  7  6  0  1  0
 2  0  8  8  0  3  3  1  0 15 85 85 85  2  1  2 13 13  5  0  0  0  0  0  0  3  4  0  0  4  4  0  2  0  0  0  3  2  1  0  7  8  7  0  2  3  0  4  5  6  5  2  1  0  0  0  0  0 18 21 22 21  5  4  0  0  0  1  0  1  0  0  3  0  9 10 11 12  0  6  9 10  0 11 13 85 85  0 85 85  0 85  0 85 85 85  5  4  0  4  5  6  0  0  0  1  4  5 24 23 22 20 18 16  0 10  9  0  3  7 16 17  0  0  0  0 21 20 18  0  8  8  0  1  0
 3  6  8  9  0  2  0  0  0 85 85 85  0  0  0  0 12 13 12  0 13 14  0  1  1  2  0  0  1  2  3  3  0  3  0  4  5  4  0  0 17 16  9  0  1  0  5  0  7  8  7  0  2  3  8  7  0  1  0 19 20  0  5  4  3  0  0  0  2  2  0  0  0  4  7  8  0  0  5  0  8  9 10  0 14 85 85  0 85 85 85  0 85 85 85  0  0  4  5  0  0  7  0  1  0  0  3  4  0 22 21 19 18 17  0 10  0  2  2  0 17 18 19 20 21 22 22 21 19 17 15  0  9  0  1
 4  5  7  0 10  0  1  0 85 85 85  0  2  1  0  5 11  0 11 12 14 15 15  0  0  0  3  2  0  0  0  0  4  5  6  7  0  6  7 16 17 17 15  0  0  8  7  6  0  8  8  0  0  8  9  8  6  0  2  3  3  0  0  0  2  2  0  0  3  0  1  0  0  0  6  5  4  4  4  5  6  7  0 10  0 85 85 85 85 85 85 85 85  0 85  0  2  3  0  6  8  9  8  1  0  1  2  0  3  0 14  0 16 15 11  9  0  1  0  1  0 18 19 20 21 22  0 22  0 17 16 14 12 10  0
 0  3  0 11 17 19 20  0 85 85  0  3  2  0  4  0 10 10  0  0  0 16  0 16  0 85 85 85  0 85 85  6  5  0  7  8 10 11  0 15 17 16 14 11  9  8  7  1  0  1  0  7  7  0  8  7  5  3  0  0  0  2  1  0  1  0  3  6 85 85 14  0  0  7  0  0  0  3  0  0  0  0  0  9 85 85 85 85  0 85 85 85  0 85 85 85  0  1  4  7  9 10 10  0  0  0  0  2  0  4  0 13 14 13 10  8  5  0  0  0  2  0  0  7  0  6  0 85 85  0  0 15 13 11  1
 2  2  0 16 18 19 20 21 85 85  4  0  0  3  5  7  9  9  7  0  7 17 18 19 85 85 85 85 85 85 85 85  0  1  2  9 11 12 13 14  0 13 12 10  0  0  0  0  0  2  0  7  6  0  1  0  4  0  2  1  1  2  0  0  1  0  5 85 85 85 85 13  9  8  7  1  1  1  2  1  1  0  7  8 85 85 85  0 85 85  0 85 85  0 85 85  0  0  0  5  8  0 76 75 74  0  0  1  3  5 10 11 12  0  7  6  0  4  4  0  6  7  6  5  5  0 85 85 85 85 16  0 14  0  1
 1  1  0 15 17 18  0  0 85 85  0  1  0  1  4  6  8  8  0  6  0 19 20  0 85 85 85 85  0 85 85 85  0  0  0  0 10 12 13  3  0  1  0  3  3  0  1  1  3  4  7  0  5  0  1  0  1  3  2  0  0  0  1  0  2  3  4 85 85 85 85 12 10  8  6  0  0  0  0  3  0  6  7  0  0 85  0  0 85 85 85 85  0 85 85 85  1  1  0  1  0 78 77 76 74 73  2  0  0  6  9 10  9  0  3  3  0  3  4  5  8  8  0  4  3  0 85 85 85 85 16 15 13 11  0
 0  0  0  0 14 13  0 85 85 85  2  0  0  0  0  0  4  0  5  5  0 85 85 85 85 85 85 85 85 85 85  0  1  0  1  5  0  6  0  0  2  0  0  0  2  2  0  2  0  8  7  6  4  2  0  0  0  2  0  0  0  0  2  3  3  0  2  0 85 85  0 11  0  5  4  2  1  1  2  3  4  5  6  7  9 85 85  0 85 85 85 85 85 85 85  0  0  0  0  0 79 79 78  0 73 72  0  1  0  0  7  8  0  0  0  2  2  0  0  0  8  8  0  0  0  2  0 85 85  0 15 14 12 10  1
 1  2  3  4  6  0 12 85 85 85  0  0  0  0  0  1  2  3  4  0 85 85 85  0 85 85  0  0 85 85  0  0  0  0  4  5  5  2  0  2  1  0  1  0  1  0  3  0 10  9  0  5  0  3  0  0  0  0  3  0  1  0  3  3  0  0  1  0 85 85 85  0  0  0  0  3  0  0  0  4  0  0  4  0  8 85 85  0  0 85 85 85  0  0  0  0 83 82 81 80  0 79  0  0 71 71  2  0  1  2  4  4  0  1  0  1  0  1  0  5  7  0  0  0  1  2  0  2  5  6  5  0  9  8  0
 3  4  0  5  0 10 11  0 85 85  0  1  0  1  0  1  0  0  0 85 85  0 85 85 85  0  1  3 85 85  0  1  0  0  3  4  0  2  1  0  1  0  0  0  0  0  3  9 11 11  0  6  0 16 17 19 20 21 22 23  0  0  2  0  1  0  3  5  6 85 85 85 85  6  4  3  0  1  2  4  4  3  1  0  2  0 85  0  0 85 85  0 85 85 85 85 85 85  0 82 81  0 70  0 70 69  0  1  0  0  3  3  2  0  0  0  0  1  2  4  6  7  6  0  2  0  1  0  0  4  0  0  7  7  1
 5  6  6  0  8  9 10 12 85 85 85  2  0  1  0  1  0  0  0 85 85 85 85  0 85  0  2  0 85  0  0  2  2  1  2  0  2  0  0  0  0  2  1  0  1  2  0  8 10 12 13 14 15 16 18 21 22  0 24 25 24  3  1  0  1  2  3  4  5  0  0 85 85 85  5  0  2  0  0  3  4  2  0  0  1 85 85 85 85 85 85 85 85 85 85 85 85 85 85 83 82 70 69 69 68  0  2  0  0  0  2  0  2  1  0  1  2  0  0  3  0  9  8  5  3  0  1  0  1  0  3  4  6  6  0
 7  8  0  7  7  0  0  0 85 85  0 85 85  0  2  0  0  0  0  0 85 85 85 85 85 85  0 85 85 85 85 85  0  0  0  1  0  1  2  1  2  2  0  0  2  0  5  6  7  0 13 14 15  0  0 22 23 25  0 25 25  0  2  0  0  0  0  2  1  0  0  0 85 85  0  3  0  3  0  0  0  1  0  0  0 85 85  0  0 85  0 85 85 85 85  0 85 85 85 84  0 68  0 67  6  5  3  1  0  1  0  1  0  0  0  2  0  3  0  0 10 11 10  0  4  3  1  0  0  2  2  0  5  4  1
 8  9  8  6  5  2  1  0 85 85  0 85 85 85 85  3  0  0  0 85 85 85  0 85 85 85  0 85 85  0 85 85 85  0  0  2  0  3  0  3  0  0  1  1  0  3  4  5  0  2  2  0  4  3  1  0 24 26 26  0  0 26  0  3  0  1  1  0  0  0  0  0 85 85 85  0  3  3  3  1  0  0  0  0  0 85 85 85 85  0  1  0 85  0 85 85 85 85 85 68 67 66 66  0  0  5  4  0  0  0  0  0  2 40 39  0  4  5  4  0 11 11  0 11 12  0  2  0  1  1  0  0  3  0  2
 7  8  0  0  4  0  0  2 85 85  0 85  0 85 85 85  0  0 85 85  0 85 85 85 85  0 85 85 85 85 85 85 85 85 85 85 85 85 85 85 85  2  0  0  0  2  0  0  1  0  1  0  4  0  2  0 25  0 85 85 85 29 27  3  2  0  0  1  0  1  2 85 85 85 85  0  0  2  0  4 85 85 85 85 85 85  0 85 85  0  1  0 85 85 85 85  0 20  0  0 24  0 65 65 62  0  3  2  1  0  1  0 42 41 40 38 36  0 34 33  0  2  0 13 16 15 13  0  0  0  0  0  2  3  2
 0  6  5  0  4  3  1  0 85 85 85  0 85 85 85 85  0 85 85 85  0 85 85 85 85  0 85 85  0  0  3  0 85 85 85 85  0 85 85 85 85 85  0  1  3  0  1  0  1  0  0  2  3  5  6  0 85 85 85 85 85 85 28  0  0  1  1  0  0  1  0 85 85 85 85 85  0  1  0 85 85 85 85 85  0 85 85 85 85  6  4  0 85 85 85 85  0 17 19 21 22 23 64 64 63 61  0  2  0  0  2 45 44 43  0 39 37 35 34 33 32  1  0 17 18 17 14 12 10  8  2  1  0  2  1
 1  4  5  4  3  2  0  0 85 85 85 85 85  0 85 85 85  0 85 85  0 85 85  0 85 85 85 85 85  2  1  2  0  0 85 85 85 85  0 85 85 85  0  4  5  4  2  0  0  0  3  0  0 85 85 85 85 85  0  0 85 85  0  2  0  0  0  1  1  0  0 85 85 85 85  0 85 85  0 85 85 85  0  3  0  5 85 85  7  5  4  3  0 85 85 17 16  0 18 20 21  0  0 63 62 60  0  0  3  0 46 45 44 42 41 40  0  0  0 32  0 31  0 19 20 21  0 13 11  9  7  0  0  0  0
 2  0  3  0  0  1  0  0 85  0 85 85 85 85 85 85 85  0 85  0 85 85 85 85  0 85 85 85 85  0  0  0  3  8  9 85 85  0  0  4 85 85 85 85  0  6  5  0  1  2  4  5 85 85 85 85 85  0  0 85 85 85  2  1  1  0  1  0  0  1  2  0 85  0  0  0 85 85 85  0  0  2  2  1  2  3  4  0  2  0  0  1  2  1  0 15  0 15 15  0  0  4  5 58 59 58 55 53 51 49 47  0  0  0 41 40  1  1  2  3 31 31 30  0 25 24 22 13  0  0  8  6  5  4  0
 1  2  1  1  0  2  0  7 85 85  0 85 85  0 13  0 85 85 85 85 85  0 85  0 85 85 85 85  0  1  0  0  5  7  8  0  1  0  0  3  0  0 85 85 85  7  6  0  1  0  6 85  0 85 85 85 85 85 85 85 85  0  0  0  0  2  0  1  0  0 85 85 85 85 85 85 85 85  0  2  1  0  0  0  0  0  0  0  0  1  0  0  0  0  0  0 14 14  0  1  0  3  5  0 57 56 54 53 52 50 48  0  1  0 39  0  0  0  0  3  0 30 29 28 27 26 23 12 11 10  9  0  5  4  3
 0  0  0  0  3  5  6  0 85 85 85 85 13 12  0  0  0 85 85 85 85 85 85 85 85  0  4  3  2  1  0  4  6  0  0  0  0  1  2  3  0  0  0 85 85 85  0  0  1  0 85 85 85  0  0  0 85  0 85  0  0  1  0  0  1  1  0  1  2 85 85 85 85  0 85 85  0 85 85  0  2  0  0  1  0  1  0  1  0  3  2  0  1  1  2  4  0 13  0  0  2  0  0 12 13 14  0 52 51 49  0  2  0 38 38  1  0  1  2  0  0  2  0  0 28 27  0  0 11 10  9  7  0  3  2
 0  1  0  0  4  5  6  0 22 85 85  0 11  0  2  1  0  0 85 85 85  0 85 85 37  0  0  0  0  0  2  3  5  5  0  3  2  0  0  3  4  5  0 37 85 85 85 85 85  0 85 85 85 85  0 85 85 85  4  3  2  1  0  0  0  2  0  0  3 85 85  0  4  0  4  5  6  7 85 85  0  3  0  2  2  0  0  0  4  4  3  0  0  0  3  4 12 12  0  3  3  0  8 11 12 11  4  3  0 38 37  3  0 37 37  0  0  3  3  0  1  0 85 85 85  0 12 11  0  0  8  6  0  1  0
 0  1  0  0  4  0  0 20 21  0  0 10 10  9  0  3  4  3  0  3  0  1  0 36 35  0  1  0  1  3  0  0  0  5  4  3  2  1  0  0  5  6  8 35 36  0 85 85 85 85  0  0  0 85 85 85 85 85  0  0  4  0  0 21 85 85  0  1  0 85 85  5  3  3  0  0  3  0  0 85 85 13  4  3  0  8  7  0  5  5  0  1  0  4  0  0 11 11 10  4  0  4  7  9 10  0  0  0  2 36 37 36  0 36  0  1  0  4  4  0  9 85 85 85 85 85 13  0 10  9  0  5  4  0  0
 0  0  1  2  3  5 19  0 21  0  0  0  9  8  0  4  4  0  2  1  0  1  0 34 34  0  0  0  2  3  4  0  6  0  0  0  0  0  0  1  0  7  0 33 34 33  0  0 85 85  0  0  1  2 85 85  0  0 85  7  6  5 20 85 85 85 85  0 85 85 85  0  0  2  2  2  1  2 85 85 85 14 12  0 10  9  8  6  0  8  9  0  5  6  7  0  8 10  9  0  0  0  5  6  2  0  0  0  1  0 35  0 36 35  2  0  0  0  5  8 10 85 85 85 85 85 23  0 12 11  0  4  3  2  1
 1  0  0  2  0 18 20 22 22 20  1  1  7  7  6  0  0  1  0  0  2  1  0 33 33  0  1  1  0  0  5  6  7  7  2  1  1  1  1  0  2  8 10  0 32  4  2  1 85 85  0  0  1  0  0 85 85 85 85 85  0 19  0 85 85 85  0 85 85 85 85  5  1  0  1  0  0  0 85 85 85  0 13 11 10  9  0  1  7  9 10 10  0  7  7  7  0  0  8  7  1  1  1  0  1  0  1  1  0  0  1 34 35 34  0  0  0  6  7  0  9 85 85 85 85 24 22 19 15 13  5  0  1  0  1
 0  1  0  0  3 17 19 21 21 19  0  0  0  6  5  4  2  0  0  0  0  1  0 32 32  0  2  0  0 25 24  0  0  8  8  0  0  2  0  0  0  9 11 31  0  3  0  0  0 85 85  0  2  0 85 85 85 85 85 85 19 18 19  0 85 85 85 85 85 85  6  4  0  0  0  0  4  5  0 85 85 85 14  0  4  1  0  0  0  8 10 10  8  0  0  6  6  0  7  6  0  0  0  0  1  0  2  0  0  0  0  0 33 32  2  1  0  8  9  0  0  0 85 85  0 21 20 18 16 14  3  0  0  0  1
 0  1  0  1  0 15 16  0 18 17 16  4  0  2  0  3  3  0  4  3  2  0  0  1 31 30 29 28 27 26 25 23  0  0  9  9  0  1  2  3  5  0 30 31 30  0  1  1  1  2 85 85 85 85 85 85 85 85 85  0  0  0 17 18 19 85 85  0  2  0  0  3  2  1  1  3  5  5  0 85 85 85 15  3  0  0  0  1  0  0  0  9  4  0  0  0  5  6  5  0  0  1  0  0  2  3  3  2  1  1  1  2 31  0  2  1  0 10 11 12 13 14  0  0  0  2  0  0 17  0  0  2  3  2  0
 0  2  0  2  0 14 14  0  0 16 15 14  3  1  0  0  2  3  4  3  2  1  0  0  0 30 29  0 27 26 24 22  2  1  0 10 11  0  0  4  4  6 29 30 29  0  0  0  0  0  0 85 85  0 85 85  0  8  5  4  1  0 15 16  0  8  0  1  0  1  0  2  0  0  2  0  4  0 85 85 85 85  0  2  0  1  2  0  0 11 10  0  3  0  0  2  3  4  2  0  0  0  0  1  0  3  0  3  0  0  0  0 30 30  0  0  0 11 11  0 15 15  0  0  1  1  0 18 18  0  1  0  4  3  0
 3  4  5  6  7 13  0  0 10  0 14 13  0  0  2  1  0  0  0  0  0  0  1  0  1  3  0  2  1  0  0 21  0  0  2 11 12 12  0  2  3  0 27 28 27  0  1  1  1  1  1  1  0  1  7  8  7  0  3  0  3 13 14 14  7  0  0  0  2  1  0  1  2  0  5  6  0  0 85 85 85  0  3  1  0  2  3  4 12 85 85  0  3  2  1  2  0  0  1  1  0  0  0  2  2  0  3  2  1  0  0  1 29 29 28 26 24  0  0  0 16 16  0  1  0  0 10 18 18  0  2  3  4  0  1
 2  4  5  6  0 12 12 10  9  9  0 12 12  9  0  3  0  4  3  1  0  2  2  0  0  2  3  0  0  0 20 21 20  0  1  0 13 13  0  0  1  0  0 26 25  2  0  0  1  0  0  0  0  0  0  6  0  0  0  2  0 12 13  0  6  0  0  1  0  0  0  2  0  4  6  7  7  0 85 85 85  4  0  2  0  2  0  5 85 85 85 85  4  0  0  0  1  0  0  0  6  5  3  0  1  2  0  2  0  0  0  0  3 28 27 26 25 23 20 18 17  0  1  0  0  8  9 17 17 16  0  4  0  5  2
 1  0  2  0 10 11 11  0  8  7  0 11 11 10  8  6  5  4  3  2  0  3  3  1  0  0  3  4  9 11 19 20 19  0  1  0  0 14 14  0  0  1  0 24  0  0  3  0  0  0  1  1  1  1  5  5  1  0  1  0  5 11 11 10  5  0  2  0  1  0  3  0  3  0  5  0 85 85 85 85  0  4  3  3  0  1  1  0 85 85 85 85  0  5  6  7  0  9  8  7  6  5  4  0  0  0  3  0  1  1  0  1  2  0  0 25 24 22 21 19  8  0  0  1  0  7  8  0 16 15 14  0  6  7  6
 1  0  1  0  9 10  0  4  0  6  6  0 10  9  7  6  0  2  0  0  4  4  0  0  0  0  0  8 10 12  0 18 17  4  2  0  0  0 15 15  2  1  0 23 23  6  5  4  0  2  0  2  0  0  5  4  0  0  2  4  5  0 10  9  0  4  3  2  0  2  4  4  0  3  4 85 85 85 85 85  5  0  2  0  2  0  0  0  9 85 85  7  6  0  7  8  8  9  8  0  0  3  0  1  0  4  4  0  2  0  2  0  0  1  1  1  0 21 20  0  7  6  0  1  2  0  6  0  0 14 13  0  9  8  7
 1  0  2  7  8  8  5  0  3  4  5  5  4  0  4  3  0  1  0  3  3  0  3  4  5  6  7  0 11  0 15 16 16  0  3  4  5  6 16 16  0  3  0 22 22 15  0 12 11 10  9  8  7  6  0  3  0  1  3  4  0  6  8  8  6  4  0  0  1  0  3  3  2  0  0 85 85 85 85 85  2  0  1  0  3  4  5  6  7  8  0  0  0  5  6  7  0  0  5  4  2  0  0  1  3  4  0  5  0  5  4  3  2  0  0  0  0  3  3  0  5  6  0  3  0  5  5  4  0  0 12 11 10  9  0
 1  0  3  6  7  6  0  2  0  0  0  3  0  3  2  0  0  2  2  0  2  2  0  4  5  6  7  9 11 13 14 15  0  0  0  4  5  6  0 17 18 19 20 21  0 15 14 13 12 10  9  8  7  5  4  2  0  2  0  2  3  4  7  7  5  2  1  0  2  0  2  0  0  1  0  2 85 85 85  0  1  0  2  2  0  4  5  0  0  0  1  0  3  4  0  3  2  3  4  3  0  1  0  2  0  2  5  6  7  6  5  0  2  2  1  1  0  0  2  0  3  4  5  4  4  0  4  3  2  0  0 11 10  4  0
 0  1  0  4  5  3  2  1  0  1  0  1  2  1  0  1  1  0  1  1  0  0  1  0  1  0  0  8 10 12 13  2  1  1  1  1  0  0  1  0 18 19 20  1  0  1 14 13  0  1  0  0  0  4  3  1  0  1  1  0  0  0  1  0  0  0  0  1  1  2  1  0  0  1  1  0  0  0  0  0  0  0  1  1  0  1  1  0  0  1  0  1  2  3  2  1  0  0  2  1  0  0  1  1  1  0  0  6  7  6  0  1  0  0  1  0  0  0  1  2  1  0  0  4  3  2  1  0  1  1  1  2  3  2  1
