0 1210687
1 1210688
2 1210689
3 1210690
4 1210691
5 1210692
6 1210693
7 1210694
8 1210695
9 1210696
10 1210697
11 1210698
12 1210699
13 1210700
14 1210701
15 1210702
16 1210703
17 1210704
18 1210705
19 1210706
20 1210707

100 1450687
101 1450688
102 1450689
103 1450690
104 1450691
105 1450692
106 1450693
107 1450694
108 1450695
109 1450696
110 1450697
111 1450698
112 1450699
113 1450700
114 1450701
115 1450702
116 1450703
117 1450704
118 1450705
119 1450706
120 1450707

200 1690687
201 1690688
202 1690689
203 1690690
204 1690691
205 1690692
206 1690693
207 1690694
208 1690695
209 1690696
210 1690697
211 1690698
212 1690699
213 1690700
214 1690701
215 1690702
216 1690703
217 1690704
218 1690705
219 1690706
220 1690707

300 1930687
301 1930688
302 1930689
303 1930690
304 1930691
305 1930692
306 1930693
307 1930694
308 1930695
309 1930696
310 1930697
311 1930698
312 1930699
313 1930700
314 1930701
315 1930702
316 1930703
317 1930704
318 1930705
319 1930706
320 1930707

400 2170687
401 2170688
402 2170689
403 2170690
404 2170691
405 2170692
406 2170693
407 2170694
408 2170695
409 2170696
410 2170697
411 2170698
412 2170699
413 2170700
414 2170701
415 2170702
416 2170703
417 2170704
418 2170705
419 2170706
420 2170707

500 2410687
501 2410688
502 2410689
503 2410690
504 2410691
505 2410692
506 2410693
507 2410694
508 2410695
509 2410696
510 2410697
511 2410698
512 2410699
513 2410700
514 2410701
515 2410702
516 2410703
517 2410704
518 2410705
519 2410706
520 2410707

600 2650687
601 2650688
602 2650689
603 2650690
604 2650691
605 2650692
606 2650693
607 2650694
608 2650695
609 2650696
610 2650697
611 2650698
612 2650699
613 2650700
614 2650701
615 2650702
616 2650703
617 2650704
618 2650705
619 2650706
620 2650707

700 2890687
701 2890688
702 2890689
703 2890690
704 2890691
705 2890692
706 2890693
707 2890694
708 2890695
709 2890696
710 2890697
711 2890698
712 2890699
713 2890700
714 2890701
715 2890702
716 2890703
717 2890704
718 2890705
719 2890706
720 2890707

800 3130687
801 3130688
802 3130689
803 3130690
804 3130691
805 3130692
806 3130693
807 3130694
808 3130695
809 3130696
810 3130697
811 3130698
812 3130699
813 3130700
814 3130701
815 3130702
816 3130703
817 3130704
818 3130705
819 3130706
820 3130707

900 3370687
901 3370688
902 3370689
903 3370690
904 3370691
905 3370692
906 3370693
907 3370694
908 3370695
909 3370696
910 3370697
911 3370698
912 3370699
913 3370700
914 3370701
915 3370702
916 3370703
917 3370704
918 3370705
919 3370706
920 3370707

1000 3610687
1001 3610688
1002 3610689
1003 3610690
1004 3610691
1005 3610692
1006 3610693
1007 3610694
1008 3610695
1009 3610696
1010 3610697
1011 3610698
1012 3610699
1013 3610700
1014 3610701
1015 3610702
1016 3610703
1017 3610704
1018 3610705
1019 3610706
1020 3610707

1100 3850687
1101 3850688
1102 3850689
1103 3850690
1104 3850691
1105 3850692
1106 3850693
1107 3850694
1108 3850695
1109 3850696
1110 3850697
1111 3850698
1112 3850699
1113 3850700
1114 3850701
1115 3850702
1116 3850703
1117 3850704
1118 3850705
1119 3850706
1120 3850707

1200 4090687
1201 4090688
1202 4090689
1203 4090690
1204 4090691
1205 4090692
1206 4090693
1207 4090694
1208 4090695
1209 4090696
1210 4090697
1211 4090698
1212 4090699
1213 4090700
1214 4090701
1215 4090702
1216 4090703
1217 4090704
1218 4090705
1219 4090706
1220 4090707

1300 4330687
1301 4330688
1302 4330689
1303 4330690
1304 4330691
1305 4330692
1306 4330693
1307 4330694
1308 4330695
1309 4330696
1310 4330697
1311 4330698
1312 4330699
1313 4330700
1314 4330701
1315 4330702
1316 4330703
1317 4330704
1318 4330705
1319 4330706
1320 4330707

1400 4570687
1401 4570688
1402 4570689
1403 4570690
1404 4570691
1405 4570692
1406 4570693
1407 4570694
1408 4570695
1409 4570696
1410 4570697
1411 4570698
1412 4570699
1413 4570700
1414 4570701
1415 4570702
1416 4570703
1417 4570704
1418 4570705
1419 4570706
1420 4570707

1500 4810687
1501 4810688
1502 4810689
1503 4810690
1504 4810691
1505 4810692
1506 4810693
1507 4810694
1508 4810695
1509 4810696
1510 4810697
1511 4810698
1512 4810699
1513 4810700
1514 4810701
1515 4810702
1516 4810703
1517 4810704
1518 4810705
1519 4810706
1520 4810707

1600 5050687
1601 5050688
1602 5050689
1603 5050690
1604 5050691
1605 5050692
1606 5050693
1607 5050694
1608 5050695
1609 5050696
1610 5050697
1611 5050698
1612 5050699
1613 5050700
1614 5050701
1615 5050702
1616 5050703
1617 5050704
1618 5050705
1619 5050706
1620 5050707

1700 5290687
1701 5290688
1702 5290689
1703 5290690
1704 5290691
1705 5290692
1706 5290693
1707 5290694
1708 5290695
1709 5290696
1710 5290697
1711 5290698
1712 5290699
1713 5290700
1714 5290701
1715 5290702
1716 5290703
1717 5290704
1718 5290705
1719 5290706
1720 5290707

1800 5530687
1801 5530688
1802 5530689
1803 5530690
1804 5530691
1805 5530692
1806 5530693
1807 5530694
1808 5530695
1809 5530696
1810 5530697
1811 5530698
1812 5530699
1813 5530700
1814 5530701
1815 5530702
1816 5530703
1817 5530704
1818 5530705
1819 5530706
1820 5530707

1900 5770687
1901 5770688
1902 5770689
1903 5770690
1904 5770691
1905 5770692
1906 5770693
1907 5770694
1908 5770695
1909 5770696
1910 5770697
1911 5770698
1912 5770699
1913 5770700
1914 5770701
1915 5770702
1916 5770703
1917 5770704
1918 5770705
1919 5770706
1920 5770707

2000 6010687
2001 6010688
2002 6010689
2003 6010690
2004 6010691
2005 6010692
2006 6010693
2007 6010694
2008 6010695
2009 6010696
2010 6010697
2011 6010698
2012 6010699
2013 6010700
2014 6010701
2015 6010702
2016 6010703
2017 6010704
2018 6010705
2019 6010706
2020 6010707

